
Status: PASSED!
Check: 1
Test: 5 `*` test
Reason: None
Timestamp: 2024-04-02 17:02:13.318819

Status: PASSED!
Check: 2
Test: 10`*` test
Reason: None
Timestamp: 2024-04-02 17:02:13.322414
