
Status: PASSED!
Check: 1
Test: 5 to the power of 5
Reason: None
Timestamp: 2024-04-02 19:38:51.057966

Status: PASSED!
Check: 2
Test: 0 to the power of 0
Reason: None
Timestamp: 2024-04-02 19:38:51.060179
