
Status: PASSED!
Check: 1
Test: 0:56:11 test
Reason: None
Timestamp: 2024-03-29 01:46:34.707476

Status: PASSED!
Check: 2
Test: 13:22:13 test
Reason: None
Timestamp: 2024-03-29 01:46:34.710935
