
Status: PASSED!
Check: 1
Test: 1991-3-3
Reason: None
Timestamp: 2024-03-29 05:35:47.118541

Status: PASSED!
Check: 2
Test: 2000-4-20 (with invalid entry)
Reason: None
Timestamp: 2024-03-29 05:35:47.120881
